6
24
0 300 440 10 0 0
350 450 440 10 0 0
290 10 340 100 0 0
340 10 340 110 0 0
160 30 340 10 0 0
640 10 0 150 0 0
640 10 150 150 0 0
650 150 200 10 0 3
0 10 0 150 0 0
230 70 340 10 0 0
350 150 340 10 0 0
100 200 240 10 0 0
350 200 240 10 0 0
290 10 140 100 0 0
340 10 140 110 0 0
0 300 140 10 0 0
350 290 140 10 0 0
400 10 450 150 0 1
550 10 450 150 0 2
700 10 450 150 0 4
10 200 50 10 0 0
200 50 50 10 0 5
250 200 50 10 0 0
500 140 50 10 0 0
16
450 18 550 10 0.1 0
600 18 550 10 0.1 0
640 18 550 10 0.1 0
750 18 550 10 0.1 0
400 15 200 15 0.1 0
450 15 200 15 -0.1 0
150 10 200 10 0.2 0
200 10 200 10 0.2 0
400 5 25 10 0.1 0
340 5 25 10 -0.2 0
360 5 25 10 0.2 0
300 5 25 10 -0.1 0
390 10 390 10 0.2 0
440 10 390 10 0.2 0
490 10 390 10 0.2 0
170 10 400 10 0.35 0
6
360 10 190 10 0 1
250 10 190 10 0 2
600 10 25 10 0 4
20 10 25 10 0 3
780 10 525 10 0 5
360 10 390 10 0 1
4
100 10 75 10 1 0
200 10 325 10 0.5 0
200 10 270 10 0.5 0
700 10 270 10 0.2 0
2
100 10 250 100 0.1 0
550 10 250 100 0.1 0
1
100 280 120 10 0.1 0


