6
14
300 10 100 400 0 0
100 200 400 10 0 0
300 500 500 10 0 0
0 200 350 10 0 0
200 10 100 260 0 0
300 250 100 10 0 0
350 300 200 10 0 0
300 250 300 10 0 0
350 300 400 10 0 0
640 10 0 410 0 0
550 10 510 90 0 1
0 200 150 10 0 2
650 150 200 10 0 3
0 100 400 10 0 4
11
220 30 200 30 0.2 0
260 30 200 30 -0.2 0
400 10 150 10 0.1 0
450 10 150 10 0.1 0
450 10 250 10 0.2 0
500 10 250 10 0.2 0
350 10 350 10 0.1 0
400 10 350 10 -0.1 0
450 10 350 10 0.1 0
500 10 350 10 -0.1 0
450 100 450 10 0.1 0
3
730 15 300 15 0 1
730 15 550 15 0 2
80 15 250 15 0 3
0
0
0



