6
7
160 640 150 10 0 0
160 640 300 10 0 0
160 640 450 10 0 0
160 10 160 140 0 1
160 10 310 140 0 1
500 10 0 75 0 2
500 10 75 75 0 3
15
200 10 200 10 0.1 0
250 10 200 10 -0.1 0
300 10 200 10 0.1 0
350 10 200 10 -0.1 0
400 10 200 10 0.1 0
450 10 200 10 -0.1 0
500 10 200 10 0.1 0
550 10 200 10 -0.1 0
200 500 350 10 0.05 0
200 15 500 15 0.2 0
300 15 500 15 0.2 0
400 15 500 15 0.2 0
500 15 500 15 0.2 0
600 15 500 15 0.2 0
700 15 500 15 0.2 0
3
750 15 525 15 0 1
750 15 375 15 0 2
750 15 225 15 0 3
0
0
0
